

cpnbins 20 -2.5 2.5
title y^{t}
units
yunits #frac{1}{#sigma}#frac{d#sigma}{dy^{t}}


2d
uoTrue 0 0
#coarse -2.5 -1.6 -1.2 -0.8 -0.4 0.0 0.4 0.8 1.2 1.6 2.5

coarse -2.5 -1.2 -0.6 0.0 0.6 1.2 2.5
#coarse -2.5 -1.6 -1.2 -0.8 -0.6 -0.4 -0.2 0.0 0.2 0.4 0.6 0.8 1.2 1.6 2.5
#coarse -2.5 -1.5 -0.8 0 0.8 1.5 2.5

uoReco 1 1

fine   -2.5 -2.0 -1.6 -1.4 -1.2 -1.0 -0.8 -0.6 -0.4 -0.2 0.0 0.2 0.4 0.6 0.8 1.0 1.2 1.4 1.6 2.0 2.5
#fine   -2.5 -2.0 -1.6 -1.4 -1.2 -1.0 -0.8 -0.7 -0.6 -0.5 -0.4 -0.3 -0.2 -0.1 0.0 0.1 0.2 0.3 0.4 0.5 0.6 0.7 0.8 1.0 1.2 1.4 1.6 2.0 2.5
#fine   -2.5 -2.0 -1.5 -1.2 -0.8 -0.4 -0.2 0.0 0.2 0.4 0.8 1.2 1.5 2.0 2.5
2d