

cpnbins 20 0 600
title p_{T}^{t}
units [GeV]

1d
coarse 0 65 125 200 290 400
uoTrue 0 1
fine 0 30 65 95 125 160 200 245 290 355 400 500
uoReco 0 1
1d

2d
uoTrue 0 1

coarse 0 70 140 200 300 500 

#coarse 0 100 200 500
#coarse 0 50 100 150 220 300 400 500
#coarse 0 80 150 220 300 400 550 800

uoReco 0 1

fine 0 20 35 50 70 85 100 120 140 170 200 240 300 350 500 800
#fine 0 20 35 50 70 85 100 120 140 170 220 240 300 350 400 440 500 800
#fine 0 20 35 50 80 100 120 150 170 200 220 250 300 340 400 450 550 650 800
2d