mt cp muon
169.031|0.984095|70.6145|0.646297|7.88958|-0.152947|-1.94898|-0.776185|-0.914584|-0.190175|67.3445|4.98849|
mt cp muon
169.031|0.984095|70.6145|0.646297|7.88958|-0.152947|-1.94898|-0.776185|-0.914584|-0.190175|67.3445|4.98849|
mt cp muon
169.031|0.984095|70.6145|0.646297|7.88958|-0.152947|-1.94898|-0.776185|-0.914584|-0.190175|67.3445|4.98849|
mt cp muon
169.031|0.984095|70.6145|0.646297|7.88958|-0.152947|-1.94898|-0.776185|-0.914584|-0.190175|67.3445|4.98849|
mW wp muon
81.53|-0.0260638|35.2217|-6.64832e-05|6.12479|-0.023832|9.52412|-0.194043|7.49558|0.00738847|0.503999|-0.154924|
mW un muon
81.6574|-0.0196176|18.0053|-0.391423|6.80524|-0.0279965|7.80459|-0.345107|9.39012|0.0148628|-7.43666|0.36207|
mW cp muon
81.742|0.00950745|38.5353|-0.551846|6.15875|0.00313624|10.796|-0.378628|7.19329|-0.00495923|1.51017|0.427617|
mt un muon
166.666|0.8085|66.4961|0.47163|22.241|0.256617|12.7555|0.275236|0.775742|0.0100174|0.340175|-0.001253|
mt wp muon
170.38|0.568444|91.9115|1.63574|28.5303|0.0139216|37.3034|1.52459|0.33507|-0.00118124|0.413812|-0.00284719|
