mW wp muon
81.6691|-0.0262855|35.9468|0.326017|6.20097|-0.0269316|11.6321|0.289181|7.42959|-0.0062669|-1.15275|-0.838867|
mt un muon
166.643|0.797572|66.6828|-0.253053|22.4347|0.261911|14.7358|-0.00685794|0.780363|0.00970609|0.507242|0.0128128|
mt wp muon
169.87|0.593882|88.0062|0.656872|28.4653|0.0894498|35.0069|0.68709|0.337873|-0.000843185|0.420126|-0.00488349|
mW cp muon
81.7281|-0.00947313|36.8199|-0.45311|6.15787|-0.0145945|10.2444|-0.12957|7.21218|-0.00741779|1.09055|-0.122224|
mt cp muon
168.725|0.944477|66.7038|-0.424306|10.9859|0.0765997|9.55211|0.0157218|2|-3.34151e-07|67.2772|-0.0372122|
mW un muon
81.7408|-0.00602499|16.695|-0.439974|6.86197|-0.0185095|6.96308|-0.344048|9.36578|0.0109732|-6.7635|0.19319|
mt cp muon
168.783|0.963893|69.7531|0.59842|10.9934|0.0791209|9.94949|0.148758|2|2.79068e-07|67.4268|-0.00300106|
mW wp muon
81.701|-0.0147951|37.6233|0.92199|6.21243|-0.0228342|12.2139|0.495092|7.42758|-0.00697949|-1.26308|-0.877661|
mt un muon
166.694|0.814862|69.3282|0.649966|22.4429|0.264702|15.1577|0.136229|0.780457|0.00973683|0.511733|0.0142777|
mt wp muon
169.918|0.610665|91.2157|1.73671|28.4819|0.0951964|36.2279|1.09787|0.338031|-0.000785807|0.430747|-0.00105322|
mW cp muon
81.761|0.0023918|38.5672|0.177997|6.16908|-0.0105457|10.8243|0.0801287|7.21148|-0.00767243|1.05362|-0.135563|
mW un muon
81.7474|-0.0036907|17.0461|-0.315382|6.8612|-0.0187817|6.9192|-0.359376|9.36519|0.0107621|-6.80418|0.178769|
