mt cp muon
168.812|2.00679|69.9879|1.23897|11.0751|0.173284|9.98111|0.390202|2|1.29889e-06|67.5783|0.0786942|
mW cp muon
81.8289|-0.00452039|38.9491|-0.00562414|6.18209|-0.0241174|11.4281|-0.20253|7.23771|-0.00342126|0.356867|-0.108408|
mt wp muon
169.976|1.42348|92.3495|3.18453|28.5094|0.356629|37.307|1.55608|0.337446|0.000495129|0.4324|-0.00532984|
mW wp muon
81.7112|-0.0336467|37.58|1.08765|6.1929|-0.0400217|12.2626|0.426145|7.48874|-0.0090174|-1.91439|-1.20444|
mt cp muon
168.812|2.00679|69.9879|1.23897|11.0751|0.173284|9.98111|0.390202|2|1.29889e-06|67.5783|0.0786942|
mW cp muon
81.8289|-0.00452039|38.9491|-0.00562414|6.18209|-0.0241174|11.4281|-0.20253|7.23771|-0.00342126|0.356867|-0.108408|
