mW wp muon
81.7115|-0.0166981|37.6|0.466266|6.19297|-0.0191659|12.2776|0.159885|7.4885|-0.00358955|-1.92373|-0.536749|
mW un muon
81.7471|-0.0270244|17.2888|-0.322864|6.843|-0.0289822|7.05487|-0.466203|9.39506|0.0248402|-7.21397|0.00960879|
mt un muon
166.594|0.8129|68.6841|0.779683|22.3956|0.240914|15.1079|0.435588|0.771287|0.00830198|0.491945|0.0186127|
mt wp muon
169.971|0.673941|92.377|1.55952|28.5083|0.165883|37.3346|0.840665|0.337443|0.000261351|0.432372|-0.00202965|
mt cp muon
168.807|0.958212|69.9837|0.602342|11.0749|0.0823062|9.98181|0.170116|2|6.25962e-07|67.552|0.0349859|
mW cp muon
81.8288|-0.00208561|38.966|-0.0347561|6.18193|-0.0110561|11.4413|-0.120134|7.23773|-0.00165295|0.344291|-0.0270198|
mW cp muon
81.8288|-0.00208561|38.966|-0.0347561|6.18193|-0.0110561|11.4413|-0.120134|7.23773|-0.00165295|0.344291|-0.0270198|
mt cp muon
168.807|0.958212|69.9837|0.602342|11.0749|0.0823062|9.98181|0.170116|2|6.25962e-07|67.552|0.0349859|
mt wp muon
0|0|67.4485|4.83981e-43|43.474|9.60838e-11|66.3167|-9.25119e-13|64.0252|3.85896e-10|66.3167|3.85896e-10|
mW wp muon
0|0|67.4485|4.83981e-43|16.5264|6.75728e-11|64.2491|6.75727e-11|32.013|6.75722e-11|69.7544|-5.81763e-14|
